   1.0349776744842529        1.0010005916806732     
   1.4109191894531250        1.1209978833749477     
   1.5884361267089844        1.2410008465072788     
   1.7243766784667969        1.3609965044045302     
   1.8376939296722412        1.4810070383507310     
   1.9360482692718506        1.6010265293087265     
   2.0234701633453369        1.7209811659658956     
   2.1025526523590088        1.8409954753251898     
   2.1749320030212402        1.9610252025713695     
   2.2417650222778320        2.0810170808554842     
   2.3039300441741943        2.2009594180254575     
   2.3621845245361328        2.3210209626406284     
   2.4169678688049316        2.4410213949882622     
   2.4687185287475586        2.5609803376030054     
   2.5178360939025879        2.6810218860271262     
   2.5645594596862793        2.8010294400044722     
   2.6091279983520508        2.9209904392134893     
   2.6517815589904785        3.0409975948579966     
   2.6926796436309814        3.1610075670344981     
   2.7319416999816895        3.2809186286220635     
   2.7697672843933105        3.4009359984326784     
   2.8062362670898438        3.5209503180343984     
   2.8414683341979980        3.6410205903209643     
   2.8755030632019043        3.7609682824907704     
   2.9084610939025879        3.8809273501214534     
   2.9404211044311523        4.0009223032704853     
   2.9714636802673340        4.1210165442023108     
   3.0015883445739746        4.2409785316077970     
   3.0308754444122314        4.3609083584696746     
   3.0594041347503662        4.4809338597364601     
   3.0871748924255371        4.6008709783945525     
   3.1142671108245850        4.7208870489483585     
   3.1407210826873779        4.8410023034246690     
   3.1664967536926270        4.9608742327228885     
   3.1917138099670410        5.0809097869656821     
   3.2163722515106201        5.2009769159131976     
   3.2404720783233643        5.3209416719282068     
   3.2640533447265625        5.4408743112597113     
   3.2871556282043457        5.5608583203924029     
   3.3098189830780029        5.6809952707886318     
   3.3320035934448242        5.8009662700279208     
   3.3537492752075195        5.9208775444000894     
   3.3750960826873779        6.0408524478269250     
   3.3960437774658203        6.1607973287995392     
   3.4166324138641357        6.2808544743597530     
   3.4368619918823242        6.4009421444071055     
   3.4567322731018066        6.5209762102141982     
   3.4762437343597412        6.6408760277584600     
   3.4954357147216797        6.7608052529817071     
   3.5143485069274902        6.8809492170795048     
   3.5329420566558838        7.0009863039591860     
   3.5512163639068604        7.1208424711563731     
   3.5692515373229980        7.2409808283303843     
   3.5869672298431396        7.3608032004961625     
   3.6044435501098633        7.4807878610474177     
   3.6216804981231689        7.6008829586174880     
   3.6386382579803467        7.7207526303538421     
   3.6553964614868164        7.8409068918241509     
   3.6718752384185791        7.9607196970736833     
   3.6881546974182129        8.0807197171550822     
   3.7042346000671387        8.2008630353082470     
   3.7200748920440674        8.3208017400986183     
   3.7357158660888672        8.4407919443854968     
   3.7511572837829590        8.5607884822259024     
   3.7663993835449219        8.6807495204587735     
   3.7814817428588867        8.8009484563272320     
   3.7963247299194336        8.9207062984033829     
   3.8110477924346924        9.0409480327463836     
   3.8255317211151123        9.1606610742524186     
   3.8398959636688232        9.2807934386105124     
   3.8541004657745361        9.4009822952044164     
   3.8681054115295410        9.5208509085084962     
   3.8819508552551270        9.6407020831462056     
   3.8956766128540039        9.7608518992709197     
   3.9092426300048828        9.8809208789784755     
   3.9226493835449219        10.000878405228336     
   3.9358961582183838        10.120683017847082     
   3.9490234851837158        10.240671799102889     
   3.9620308876037598        10.360816492872592     
   3.9748787879943848        10.480721664877745     
   3.9876072406768799        10.600731156028335     
   4.0002155303955078        10.720813730342034     
   4.0127043724060059        10.840951534319021     
   4.0250339508056641        10.960731135575589     
   4.0372829437255859        11.080891867086839     
   4.0493726730346680        11.200636747526163     
   4.0613832473754883        11.320734131177325     
   4.0732731819152832        11.440749441093715     
   4.0850439071655273        11.560671546414291     
   4.0967350006103516        11.680883773792475     
   4.1083059310913086        11.800949201825132     
   4.1197571754455566        11.920846847569148     
   4.1310892105102539        12.040555812853066     
   4.1423807144165039        12.160892344062933     
   4.1535129547119141        12.280570450064427     
   4.1646051406860352        12.400851037334606     
   4.1755781173706055        12.520860593731348     
   4.1864309310913086        12.640562244276115     
   4.1972436904907227        12.760824040185046     
   4.2079372406005859        12.880750118309848     
   4.2185506820678711        13.000757851407348     
   4.2290840148925781        13.120831438963418     
   4.2394981384277344        13.240503868702486     
   4.2498722076416016        13.360668901595924     
   4.2601666450500488        13.480857629783378     
   4.2703413963317871        13.600580898053874     
   4.2804760932922363        13.720759567770632     
   4.2905311584472656        13.840913595115641     
   4.3004660606384277        13.960536875555709     
   4.3103613853454590        14.080583364159839     
   4.3201770782470703        14.200556242752347     
   4.3299522399902344        14.320922328501599     
   4.3396081924438477        14.440696267215806     
   4.3492240905761719        14.560843364872781     
   4.3587608337402344        14.680863905343051     
   4.3682169914245605        14.800723164952721     
   4.3776335716247559        14.920929512215553     
   4.3869304656982422        15.040443573853571     
   4.3962268829345703        15.160786285747227     
   4.4054040908813477        15.280409120113925     
   4.4145812988281250        15.400854428424930     
   4.4236383438110352        15.520533444490283     
   4.4326562881469727        15.640500328537366     
   4.4416337013244629        15.760729681618781     
   4.4505314826965332        15.880686004729961     
   4.4593896865844727        16.000897530015877     
   4.4681673049926758        16.120795816556505     
   4.4768657684326172        16.240383163466117     
   4.4855642318725586        16.360741240285865     
   4.4941825866699219        16.480754866553465     
   4.5027213096618652        16.600413332269792     
   4.5112600326538086        16.720825805243244     
   4.5197191238403320        16.840862511185630     
   4.5280981063842773        16.960499241570641     
   4.5364770889282227        17.080872849443679     
   4.5447759628295898        17.200825483399885     
   4.5529956817626953        17.320353474283724     
   4.5612154006958008        17.440600917137967     
   4.5693550109863281        17.560388777372339     
   4.5774946212768555        17.680888840986579     
   4.5855145454406738        17.800316888232345     
   4.5935344696044922        17.920442822360258     
   4.6015148162841797        18.040671876910281     
   4.6094150543212891        18.160380971806756     
   4.6173152923583984        18.280776647345757     
   4.6251354217529297        18.400630739395421     
   4.6329164505004883        18.520559287141065     
   4.6406569480895996        18.640532899489678     
   4.6483573913574219        18.760551471522881     
   4.6560182571411133        18.880615034758943     
   4.6636395454406738        19.000716222651906     
   4.6712207794189453        19.120840065415955     
   4.6787219047546387        19.240339195141626     
   4.6862230300903320        19.360482245816367     
   4.6936845779418945        19.480632947602619     
   4.7011060714721680        19.600776065759359     
   4.7084474563598633        19.720250393510238     
   4.7157893180847168        19.840359790055324     
   4.7230911254882812        19.960438698485810     
   4.7303533554077148        20.080487314891670     
   4.7375750541687012        20.200482147459333     
   4.7447571754455566        20.320431295707106     
   4.7518992424011230        20.440319091394905     
   4.7590413093566895        20.560815221253847     
   4.7661037445068359        20.680568443260661     
   4.7731266021728516        20.800245131893845     
   4.7801485061645508        20.920500669009790     
   4.7871313095092773        21.040678988536843     
   4.7940740585327148        21.160755916578637     
   4.8009767532348633        21.280723557042354     
   4.8078393936157227        21.400574000480461     
   4.8146629333496094        21.520316100450533     
   4.8214855194091797        21.640616397895009     
   4.8282685279846191        21.760790894389991     
   4.8350114822387695        21.880823224626557     
   4.8417148590087891        22.000713949212575     
   4.8483781814575195        22.120446602585897     
   4.8550415039062500        22.240737942903387     
   4.8616256713867188        22.360151100428922     
   4.8682489395141602        22.480827799914138     
   4.8747925758361816        22.600601630084551     
   4.8812961578369141        22.720183985032374     
   4.8878002166748047        22.840317113139470     
   4.8942642211914062        22.960249361708616     
   4.9007277488708496        23.080711891591911     
   4.9071121215820312        23.200230301951109     
   4.9134960174560547        23.320269420225763     
   4.9198398590087891        23.440081848940149     
   4.9261841773986816        23.560429977975101     
   4.9324884414672852        23.680541838973884     
   4.9387531280517578        23.800418405684102     
   4.9450168609619141        23.920795494865981     
   4.9512014389038086        24.040162043328966     
   4.9573860168457031        24.160037725817503     
   4.9635705947875977        24.280424252373244     
   4.9697155952453613        24.400548024342740     
   4.9758205413818359        24.520391553475012     
   4.9819250106811523        24.640728426808185     
   4.9879899024963379        24.760784559990423     
   4.9940147399902344        24.880542324970051     
   5.0000000000000000        25.000003015391506     
