  0.96570557355880737        1.0009996235730445     
  0.55606144666671753        1.2459820462196842     
  0.43358963727951050        1.4909643217876505     
  0.35995170474052429        1.7359758753231043     
  0.30921658873558044        1.9809488476574331     
  0.27166262269020081        2.2259558289741728     
  0.24257594347000122        2.4708828076113440     
  0.21929089725017548        2.7158546613044661     
  0.20019051432609558        2.9608340935274464     
  0.18421635031700134        3.2058342046425214     
  0.17064321041107178        3.4509049728668626     
  0.15897129476070404        3.6957809800475427     
  0.14880859851837158        3.9408119044801455     
  0.13988070189952850        4.1858832629646443     
  0.13198181986808777        4.4307097391794619     
  0.12492574751377106        4.6758938968272536     
  0.11860468983650208        4.9205630981637016     
  0.11289122700691223        5.1655045165575384     
  0.10770697891712189        5.4104303847335222     
  0.10297352820634842        5.6557575155187791     
   9.8651684820652008E-002   5.9004517602138806     
   9.4672843813896179E-002   6.1455999247343911     
   9.1007612645626068E-002   6.3905016623745334     
   8.7616778910160065E-002   6.6354107949439172     
   8.4470942616462708E-002   6.8802924790753375     
   8.1540718674659729E-002   7.1254635468224778     
   7.8806489706039429E-002   7.3707482423230086     
   7.6258465647697449E-002   7.6152236959045432     
   7.3867239058017731E-002   7.8600520804543610     
   7.1613214910030365E-002   8.1058537271358269     
   6.9506198167800903E-002   8.3500869151985224     
   6.7516773939132690E-002   8.5947229478694727     
   6.5635159611701965E-002   8.8397868182469974     
   6.3851542770862579E-002   9.0854577108788348     
   6.2165923416614532E-002   9.3306201609487029     
   6.0568504035472870E-002   9.5755780858507702     
   5.9059292078018188E-002   9.8192111856887703     
   5.7608880102634430E-002   10.065407007927245     
   5.6236863136291504E-002   10.310008192570553     
   5.4923653602600098E-002   10.555593674072083     
   5.3679034113883972E-002   10.799463720363679     
   5.2483424544334412E-002   11.044642461502226     
   5.1336817443370819E-002   11.290518381426834     
   5.0249002873897552E-002   11.534176558818640     
   4.9200393259525299E-002   11.779268157262724     
   4.8190981149673462E-002   12.025288647377856     
   4.7230571508407593E-002   12.269142427853019     
   4.6299561858177185E-002   12.515201523393097     
   4.5407757163047791E-002   12.760373157248488     
   4.4555149972438812E-002   13.003957375028170     
   4.3731935322284698E-002   13.248167758714610     
   4.2928330600261688E-002   13.495605548455472     
   4.2163923382759094E-002   13.739736928721081     
   4.1428916156291962E-002   13.982983872092408     
   4.0713507682085037E-002   14.228188161926360     
   4.0017701685428619E-002   14.475092429523054     
   3.9351291954517365E-002   14.719759504721651     
   3.8704488426446915E-002   14.965293083915675     
   3.8087081164121628E-002   15.207454159399576     
   3.7479475140571594E-002   15.453567238829711     
   3.6891467869281769E-002   15.699467382478062     
   3.6323063075542450E-002   15.944743914656749     
   3.5774260759353638E-002   16.188963262863275     
   3.5245053470134735E-002   16.431671386683846     
   3.4725647419691086E-002   16.677083202520883     
   3.4216042608022690E-002   16.925110631600432     
   3.3735837787389755E-002   17.165691120152104     
   3.3255632966756821E-002   17.413224300786457     
   3.2795026898384094E-002   17.657470739142820     
   3.2344222068786621E-002   17.903260312708220     
   3.1903218477964401E-002   18.150431614874709     
   3.1481817364692688E-002   18.393090219554182     
   3.1070211902260780E-002   18.636466514657329     
   3.0668407678604126E-002   18.880352479295574     
   3.0276402831077576E-002   19.124532452927486     
   2.9884399846196175E-002   19.375120795488904     
   2.9511995613574982E-002   19.619350091436417     
   2.9149392619729042E-002   19.863150946523657     
   2.8796589002013206E-002   20.106259276938449     
   2.8443785384297371E-002   20.355401456871355     
   2.8110580518841743E-002   20.596448545342611     
   2.7777377516031265E-002   20.843279999976740     
   2.7453973889350891E-002   21.088584682966694     
   2.7140371501445770E-002   21.332040598037029     
   2.6836568489670753E-002   21.573317445727124     
   2.6532765477895737E-002   21.820122002775449     
   2.6238761842250824E-002   22.064409693528148     
   2.5944760069251060E-002   22.314234590812358     
   2.5670357048511505E-002   22.552570747477208     
   2.5386154651641846E-002   22.804852162642081     
   2.5121551007032394E-002   23.044869403300680     
   2.4856947362422943E-002   23.289998596358622     
   2.4592347443103790E-002   23.540401186035698     
   2.4347342550754547E-002   23.777114868189599     
   2.4092540144920349E-002   24.028403416662233     
   2.3847538977861404E-002   24.275091667908974     
   2.3612335324287415E-002   24.516732884237452     
   2.3377133533358574E-002   24.763236208693328     
   2.3151732981204987E-002   25.004168703539978     
   2.2926330566406250E-002   25.249842250674032     
   2.2700928151607513E-002   25.500396044341869     
   2.2485325112938881E-002   25.744758952829965     
   2.2279523313045502E-002   25.982426436350085     
   2.2073719650506973E-002   26.224529195563573     
   2.1867919713258743E-002   26.471185756035318     
   2.1662116050720215E-002   26.722534965825140     
   2.1466113626956940E-002   26.966395872157708     
   2.1270113065838814E-002   27.214749970170253     
   2.1083910018205643E-002   27.454967773194056     
   2.0897708833217621E-002   27.699465045599478     
   2.0711507648229599E-002   27.948359653769280     
   2.0535105839371681E-002   28.188320159708816     
   2.0358704030513763E-002   28.432440093225701     
   2.0182302221655846E-002   28.680828519749333     
   2.0015699788928032E-002   28.919439715057806     
   1.9849099218845367E-002   29.162054689553138     
   1.9682496786117554E-002   29.408780606676551     
   1.9515894353389740E-002   29.659719989949583     
   1.9359093159437180E-002   29.899842944333692     
   1.9202291965484619E-002   30.143888358273017     
   1.9045490771532059E-002   30.391953112384787     
   1.8888689577579498E-002   30.644137304237084     
   1.8741687759757042E-002   30.884394368282212     
   1.8594685941934586E-002   31.128450983633911     
   1.8447684124112129E-002   31.376397981354533     
   1.8310483545064926E-002   31.611405899010389     
   1.8163481727242470E-002   31.867142780196549     
   1.8026281148195267E-002   32.109592464239967     
   1.7889078706502914E-002   32.355765190130569     
   1.7761677503585815E-002   32.587758262831699     
   1.7624476924538612E-002   32.841347254287605     
   1.7497073858976364E-002   33.080389192456636     
   1.7369672656059265E-002   33.322934857430710     
   1.7242271453142166E-002   33.569065461592324     
   1.7114870250225067E-002   33.818861062611539     
   1.6987469047307968E-002   34.072404119797724     
   1.6869869083166122E-002   34.309841103863228     
   1.6752267256379128E-002   34.550616089626701     
   1.6634665429592133E-002   34.794796059043939     
   1.6517065465450287E-002   35.042449792292430     
   1.6399463638663292E-002   35.293659950339197     
   1.6291663050651550E-002   35.527120064228761     
   1.6174061223864555E-002   35.785356280733822     
   1.6066260635852814E-002   36.025391945006092     
   1.5958460047841072E-002   36.268671032764424     
   1.5850659459829330E-002   36.515259719731404     
   1.5742857009172440E-002   36.765230342857450     
   1.5644855797290802E-002   36.995463782067965     
   1.5537055209279060E-002   37.252073893808713     
   1.5439053997397423E-002   37.488467537161654     
   1.5341052785515785E-002   37.727881859683400     
   1.5233252197504044E-002   37.994794221519022     
   1.5145051293075085E-002   38.216004748849855     
   1.5047051012516022E-002   38.464834351233961     
   1.4949049800634384E-002   38.716929275419474     
   1.4851048588752747E-002   38.972351768514464     
   1.4762847684323788E-002   39.205131360418662     
   1.4674646779894829E-002   39.440709530405655     
   1.4576645568013191E-002   39.705807687555321     
   1.4488444663584232E-002   39.947462194144066     
   1.4400243759155273E-002   40.192077323935827     
   1.4312042854726315E-002   40.439707813275675     
   1.4233642257750034E-002   40.662399941579210     
   1.4145441353321075E-002   40.915880280099550     
   1.4057240448892117E-002   41.172541882684158     
   1.3978839851915836E-002   41.403404288049323     
   1.3890638947486877E-002   41.666240586697441     
   1.3812238350510597E-002   41.902690599749583     
   1.3733837753534317E-002   42.141840507362083     
   1.3655436225235462E-002   42.383739702616808     
   1.3577035628259182E-002   42.628430016225352     
   1.3498635031282902E-002   42.875962987827634     
   1.3420233502984047E-002   43.126391429775424     
   1.3341832906007767E-002   43.379760384153876     
   1.3273232616484165E-002   43.603913023087401     
   1.3194832019507885E-002   43.862942636421018     
   1.3126230798661709E-002   44.092134432087690     
   1.3047830201685429E-002   44.357016564800276     
   1.2979229912161827E-002   44.591412919947366     
   1.2910628691315651E-002   44.828303679052347     
   1.2842028401792049E-002   45.067722333005335     
   1.2763627804815769E-002   45.344496248338942     
   1.2695026583969593E-002   45.589480480520159     
   1.2636225670576096E-002   45.801583836562585     
   1.2567625381052494E-002   46.051543668605952     
   1.2499025091528893E-002   46.304247546854377     
   1.2430423870682716E-002   46.559744390085541     
   1.2371623888611794E-002   46.780993092266804     
   1.2303022667765617E-002   47.041794485758452     
   1.2244222685694695E-002   47.267660638340665     
   1.2175621464848518E-002   47.533933495421209     
   1.2116821482777596E-002   47.764563156957337     
   1.2048220261931419E-002   48.036481467944824     
   1.1989420279860497E-002   48.272026922724670     
   1.1930619366466999E-002   48.509898133282746     
   1.1871818453073502E-002   48.750125890186020     
   1.1813018471002579E-002   48.992741521655383     
   1.1754217557609081E-002   49.237788606959796     
   1.1695416644215584E-002   49.485299938492467     
   1.1636616662144661E-002   49.735308892597729     
   1.1577815748751163E-002   49.987861503557824     
